   -12.6   -14.0   -14.8   -15.2   -14.6   -14.8   -14.0   -13.2   -11.0    -8.4   -12.6   -15.1   -16.0   -16.5   -16.4   -16.0   -15.4   -13.6    -9.8    -7.9   -10.7   -16.0   -17.4   -18.3   -18.2   -16.1   -15.6   -14.7   -10.8    -7.6
     0.0   -16.0   -16.7   -17.0   -17.2   -16.0   -15.8   -13.8   -12.1    -9.5   -14.1   -16.9   -17.9   -18.3   -18.1   -18.0   -15.5   -14.5   -10.5    -8.8   -12.1   -18.0   -19.3   -19.7   -19.3   -19.9   -18.6   -15.9   -11.9    -8.1
     0.0     0.0   -17.5   -17.7   -18.3   -17.7   -16.4   -13.8   -11.6    -9.8   -14.7   -17.5   -21.8   -19.2   -19.5   -18.7   -17.1   -14.6   -10.9    -8.7   -12.9   -18.8   -21.0   -21.4   -21.4   -20.6   -18.8   -15.1   -11.3    -8.2
     0.0     0.0     0.0   -18.6   -16.8   -16.3   -15.0   -13.7   -11.9   -10.1   -12.2   -17.9   -18.7   -19.4   -19.4   -18.5   -15.6   -14.0   -11.3    -9.7   -13.5   -19.3   -20.3   -21.7   -19.7   -18.1   -16.0   -15.1   -12.0    -9.0
     0.0     0.0     0.0     0.0   -16.7   -17.3   -14.5   -14.9   -12.9   -10.2   -15.4   -17.7   -19.2   -19.3   -19.0   -16.4   -15.6   -14.8   -11.4    -9.7   -13.5   -19.1   -21.1   -21.3   -19.6   -20.0   -18.4   -15.2   -11.9    -8.9
     0.0     0.0     0.0     0.0     0.0   -15.4   -14.3   -13.4   -11.1    -9.8   -14.3   -17.1   -18.5   -18.3   -18.0   -17.2   -15.6   -13.2    -9.7    -8.5   -12.8   -18.8   -20.4   -19.3   -19.2   -17.1   -15.9   -14.5   -11.2    -7.9
     0.0     0.0     0.0     0.0     0.0     0.0   -12.9    -6.7    -9.8    -8.4   -13.8   -16.3   -16.7   -16.8   -16.8   -15.9   -14.4   -11.4    -8.1    -7.4   -12.1   -17.8   -19.1   -19.2   -17.5   -16.0   -14.5   -13.2    -9.6    -6.5
     0.0     0.0     0.0     0.0     0.0     0.0     0.0   -11.5    -9.6    -7.5   -13.2   -15.3   -15.8   -15.8   -14.7   -14.7    -4.0   -11.0    -7.4    -5.9   -11.1   -16.6   -17.3   -17.7   -16.6   -16.3   -14.7   -12.0    -8.6    -5.6
     0.0     0.0     0.0     0.0     0.0     0.0     0.0     0.0    -7.9    -6.1   -11.2   -13.0   -13.6   -13.8   -13.3   -12.4   -11.1    -9.3    -6.3    -5.4    -9.2   -14.2   -15.2   -15.5   -14.7   -14.0   -11.4    -9.9    -7.1    -4.4
     0.0     0.0     0.0     0.0     0.0     0.0     0.0     0.0     0.0    -2.4    -8.5   -10.2   -11.1   -11.2   -10.8   -10.1    -9.0    -7.2    -4.7    -2.3    -6.4   -11.6   -12.9   -13.2   -12.3   -11.5    -9.1    -7.7    -4.4    -1.4
     0.0     0.0     0.0     0.0     0.0     0.0     0.0     0.0     0.0     0.0   -13.0   -15.0   -15.9   -16.1   -16.1   -16.0   -14.8   -13.8   -10.0    -8.1   -10.9   -16.0   -17.2   -17.7   -17.2   -17.2   -15.7   -14.9   -11.4    -8.1
     0.0     0.0     0.0     0.0     0.0     0.0     0.0     0.0     0.0     0.0     0.0   -17.7   -18.7   -19.0   -19.4   -18.0   -17.7   -15.2   -11.4    -9.5   -13.1   -18.9   -20.0   -20.4   -20.1   -20.3   -19.3   -16.7   -12.8    -9.2
     0.0     0.0     0.0     0.0     0.0     0.0     0.0     0.0     0.0     0.0     0.0     0.0   -19.6   -20.5   -20.5   -20.0   -18.2   -15.2   -11.8   -10.1   -14.1   -19.9   -22.0   -22.5   -20.9   -19.3   -18.3   -16.9   -13.1    -9.3
     0.0     0.0     0.0     0.0     0.0     0.0     0.0     0.0     0.0     0.0     0.0     0.0     0.0   -21.0   -19.8   -17.8   -18.0   -15.5   -11.9   -10.2   -14.4   -20.4   -22.3   -23.1   -21.1   -21.5   -18.3   -15.8   -12.9    -9.3
     0.0     0.0     0.0     0.0     0.0     0.0     0.0     0.0     0.0     0.0     0.0     0.0     0.0     0.0   -20.2   -17.4   -17.5   -15.1   -11.5    -9.8   -14.7   -21.0   -22.5   -22.8   -22.1   -21.0   -19.2   -16.3   -11.8    -8.8
     0.0     0.0     0.0     0.0     0.0     0.0     0.0     0.0     0.0     0.0     0.0     0.0     0.0     0.0     0.0   -18.1   -16.7   -14.3   -10.6    -8.2   -13.8   -20.3   -22.0   -21.7   -19.0   -17.7   -18.4   -15.4   -11.6    -7.6
     0.0     0.0     0.0     0.0     0.0     0.0     0.0     0.0     0.0     0.0     0.0     0.0     0.0     0.0     0.0     0.0   -15.2   -12.8    -9.4    -8.2   -13.6   -18.0   -20.0   -18.6   -19.3   -18.4   -16.7   -12.6    -9.8    -7.0
     0.0     0.0     0.0     0.0     0.0     0.0     0.0     0.0     0.0     0.0     0.0     0.0     0.0     0.0     0.0     0.0     0.0   -10.8    -8.1    -6.6   -11.3   -16.8   -17.4   -17.2   -16.8   -13.9   -12.4   -11.4    -8.6    -5.7
     0.0     0.0     0.0     0.0     0.0     0.0     0.0     0.0     0.0     0.0     0.0     0.0     0.0     0.0     0.0     0.0     0.0     0.0    -5.2    -3.6    -8.0   -12.6   -13.4   -13.4   -11.9   -10.4    -9.2    -8.5    -5.8    -3.3
     0.0     0.0     0.0     0.0     0.0     0.0     0.0     0.0     0.0     0.0     0.0     0.0     0.0     0.0     0.0     0.0     0.0     0.0     0.0    -1.9    -6.1   -10.8   -11.7   -11.6   -11.3    -8.9    -9.2    -7.6    -5.0    -1.4
     0.0     0.0     0.0     0.0     0.0     0.0     0.0     0.0     0.0     0.0     0.0     0.0     0.0     0.0     0.0     0.0     0.0     0.0     0.0     0.0    -8.8   -14.5   -15.4   -16.1   -16.0   -14.5   -15.0   -13.2    -9.5    -6.1
     0.0     0.0     0.0     0.0     0.0     0.0     0.0     0.0     0.0     0.0     0.0     0.0     0.0     0.0     0.0     0.0     0.0     0.0     0.0     0.0     0.0   -20.1   -21.3   -22.3   -22.3   -20.1   -20.9   -17.5   -14.1   -10.4
     0.0     0.0     0.0     0.0     0.0     0.0     0.0     0.0     0.0     0.0     0.0     0.0     0.0     0.0     0.0     0.0     0.0     0.0     0.0     0.0     0.0     0.0   -23.4   -24.2   -22.4   -23.7   -21.8   -18.7   -14.6   -10.9
     0.0     0.0     0.0     0.0     0.0     0.0     0.0     0.0     0.0     0.0     0.0     0.0     0.0     0.0     0.0     0.0     0.0     0.0     0.0     0.0     0.0     0.0     0.0   -25.0   -22.9   -23.5   -21.6   -17.7   -14.1   -10.9
     0.0     0.0     0.0     0.0     0.0     0.0     0.0     0.0     0.0     0.0     0.0     0.0     0.0     0.0     0.0     0.0     0.0     0.0     0.0     0.0     0.0     0.0     0.0     0.0   -24.0   -20.4   -20.9   -16.7   -13.0    -9.6
     0.0     0.0     0.0     0.0     0.0     0.0     0.0     0.0     0.0     0.0     0.0     0.0     0.0     0.0     0.0     0.0     0.0     0.0     0.0     0.0     0.0     0.0     0.0     0.0     0.0   -21.7   -20.0   -15.6   -11.9    -8.3
     0.0     0.0     0.0     0.0     0.0     0.0     0.0     0.0     0.0     0.0     0.0     0.0     0.0     0.0     0.0     0.0     0.0     0.0     0.0     0.0     0.0     0.0     0.0     0.0     0.0     0.0   -18.3   -13.9   -10.7    -7.5
     0.0     0.0     0.0     0.0     0.0     0.0     0.0     0.0     0.0     0.0     0.0     0.0     0.0     0.0     0.0     0.0     0.0     0.0     0.0     0.0     0.0     0.0     0.0     0.0     0.0     0.0     0.0   -12.2    -9.3    -6.1
     0.0     0.0     0.0     0.0     0.0     0.0     0.0     0.0     0.0     0.0     0.0     0.0     0.0     0.0     0.0     0.0     0.0     0.0     0.0     0.0     0.0     0.0     0.0     0.0     0.0     0.0     0.0     0.0    -6.4    -3.7
     0.0     0.0     0.0     0.0     0.0     0.0     0.0     0.0     0.0     0.0     0.0     0.0     0.0     0.0     0.0     0.0     0.0     0.0     0.0     0.0     0.0     0.0     0.0     0.0     0.0     0.0     0.0     0.0     0.0    -0.3
